0.250000 1223906.183743
0.249900 1225415.114952
0.249800 1223850.519690
0.249700 1224827.132399
0.249600 1224334.439152
0.249500 1226201.377318
0.249400 1224645.667533
0.249300 1223827.306380
0.249200 1223450.376822
0.249100 1225358.445664
0.249000 1225512.388079
0.248900 1226550.279911
0.248800 1224947.871463
0.248700 1223114.290682
0.248600 1224486.850454
0.248500 1224521.499030
0.248400 1223326.070272
0.248300 1224448.385880
0.248200 1225205.260619
0.248100 1224248.670457
0.248000 1223078.229479
0.247900 1223978.383227
0.247800 1224683.199527
0.247700 1223694.464609
0.247600 1224383.018841
0.247500 1222076.173064
0.247400 1222576.550883
0.247300 1222915.535364
0.247200 1224251.988522
0.247100 1223024.274397
0.247000 1224392.520821
0.246900 1224776.468864
0.246800 1223646.545697
0.246700 1225508.463651
0.246600 1224974.661821
0.246500 1222699.623901
0.246400 1224629.897590
0.246300 1225372.803330
0.246200 1225623.207682
0.246100 1224681.803704
0.246000 1223318.902305
0.245900 1224801.587267
0.245800 1224569.866516
0.245700 1225696.133386
0.245600 1226921.731664
0.245500 1225074.240995
0.245400 1225809.226744
0.245300 1225527.718908
0.245200 1224710.949311
0.245100 1222375.877922
0.245000 1224694.181427
0.244900 1224468.893648
0.244800 1223019.606413
0.244700 1224914.510743
0.244600 1225198.069503
0.244500 1225072.454843
0.244400 1225860.417843
0.244300 1224695.822868
0.244200 1223165.966582
0.244100 1224769.315457
0.244000 1225206.096598
0.243900 1223800.188865
0.243800 1226162.459580
0.243700 1225481.661996
0.243600 1225991.072800
0.243500 1225519.066461
0.243400 1224011.992177
0.243300 1223437.541153
0.243200 1225553.348227
0.243100 1224781.095295
0.243000 1224724.877052
0.242900 1222903.887234
0.242800 1224689.326356
0.242700 1223543.287089
0.242600 1225898.428685
0.242500 1224062.674940
0.242400 1221403.747773
0.242300 1221894.104749
0.242200 1225296.903176
0.242100 1224121.978559
0.242000 1223194.075580
0.241900 1223684.456604
0.241800 1225626.215135
0.241700 1223284.574290
0.241600 1222981.551320
0.241500 1225065.246568
0.241400 1225801.600142
0.241300 1223315.911979
0.241200 1223126.145193
0.241100 1225537.027288
0.241000 1223102.649972
0.240900 1225458.515750
0.240800 1225063.411117
0.240700 1224005.560336
0.240600 1223769.284065
0.240500 1223521.457850
0.240400 1224295.122313
0.240300 1223361.049777
0.240200 1224623.228738
0.240100 1224735.040912
0.240000 1224255.248722
0.239900 1224572.974410
0.239800 1223087.801902
0.239700 1225286.246563
0.239600 1224348.796360
0.239500 1225937.361083
0.239400 1226671.416519
0.239300 1223881.402498
0.239200 1226112.623117
0.239100 1224219.643594
0.239000 1223989.244798
0.238900 1226377.954882
0.238800 1223010.442184
0.238700 1224912.750546
0.238600 1224706.073314
0.238500 1224398.677075
0.238400 1222317.425409
0.238300 1223084.181579
0.238200 1222592.682178
0.238100 1223367.874965
0.238000 1222237.774071
0.237900 1222033.934254
0.237800 1223442.845213
0.237700 1223594.984368
0.237600 1222795.353713
0.237500 1225170.714197
0.237400 1224684.118183
0.237300 1224989.455623
0.237200 1223355.217513
0.237100 1224626.277666
0.237000 1224913.304367
0.236900 1226703.925114
0.236800 1223462.648724
0.236700 1224292.322198
0.236600 1224260.117337
0.236500 1222647.376122
0.236400 1223753.872423
0.236300 1225332.621943
0.236200 1226320.320012
0.236100 1224223.870016
0.236000 1225377.160720
0.235900 1223254.981938
0.235800 1224818.309723
0.235700 1224057.761226
0.235600 1224622.732151
0.235500 1224900.833639
0.235400 1223527.502921
0.235300 1222386.632942
0.235200 1224143.464149
0.235100 1224742.408990
0.235000 1224504.199930
0.234900 1226157.430174
0.234800 1222604.401982
0.234700 1226670.288508
0.234600 1223503.562621
0.234500 1226101.801097
0.234400 1225025.715942
0.234300 1224815.946965
0.234200 1226303.998080
0.234100 1224845.984555
0.234000 1227112.701103
0.233900 1224665.996390
0.233800 1224372.357960
0.233700 1224625.142840
0.233600 1225544.103305
0.233500 1222782.805822
0.233400 1223957.390783
0.233300 1222612.031045
0.233200 1224297.724462
0.233100 1224561.766982
0.233000 1225440.867427
0.232900 1223554.380743
0.232800 1223019.204976
0.232700 1223365.160294
0.232600 1223144.609839
0.232500 1223796.175363
0.232400 1224599.505319
0.232300 1222808.641164
0.232200 1224046.740714
0.232100 1223829.534700
0.232000 1224114.739840
0.231900 1225802.825985
0.231800 1224862.675943
0.231700 1225074.536366
0.231600 1223497.067440
0.231500 1224419.447649
0.231400 1224025.238265
0.231300 1225872.410281
0.231200 1225307.120113
0.231100 1223409.749457
0.231000 1222473.561095
0.230900 1225144.407959
0.230800 1223275.471646
0.230700 1224127.066753
0.230600 1223709.902583
0.230500 1223916.072660
0.230400 1225254.614103
0.230300 1223824.652112
0.230200 1222857.638276
0.230100 1222256.314613
0.230000 1223739.415898
0.229900 1223232.642473
0.229800 1223665.186410
0.229700 1225937.399060
0.229600 1224191.014035
0.229500 1224798.194601
0.229400 1224355.595488
0.229300 1222567.397746
0.229200 1224220.264787
0.229100 1224338.027337
0.229000 1223696.887613
0.228900 1224445.032002
0.228800 1223211.019274
0.228700 1224766.765450
0.228600 1224656.423605
0.228500 1226634.063273
0.228400 1223583.966435
0.228300 1226021.642683
0.228200 1224285.761496
0.228100 1223324.833821
0.228000 1224987.683801
0.227900 1225397.555459
0.227800 1224379.822640
0.227700 1225134.375197
0.227600 1223353.650592
0.227500 1225366.885743
0.227400 1225125.142041
0.227300 1225503.682120
0.227200 1224525.133266
0.227100 1222453.699281
0.227000 1225053.059561
0.226900 1223356.805415
0.226800 1224998.926594
0.226700 1224624.994269
0.226600 1223265.418258
0.226500 1225310.052427
0.226400 1225846.769422
0.226300 1222561.260341
0.226200 1224168.754230
0.226100 1223553.952508
0.226000 1224838.149741
0.225900 1222114.374761
0.225800 1224002.312665
0.225700 1225825.280979
0.225600 1223817.554655
0.225500 1225593.722857
0.225400 1225438.151823
0.225300 1223097.923829
0.225200 1223867.205761
0.225100 1226823.319016
0.225000 1223588.811534
0.224900 1222999.203075
0.224800 1223583.286118
0.224700 1223483.681891
0.224600 1224271.018310
0.224500 1225383.781645
0.224400 1223576.992770
0.224300 1224309.034134
0.224200 1222342.473436
0.224100 1223537.107844
0.224000 1225265.337829
0.223900 1223542.020615
0.223800 1224628.247967
0.223700 1224259.415548
0.223600 1223952.192507
0.223500 1223409.067092
0.223400 1222406.184314
0.223300 1222188.035004
0.223200 1224640.011808
0.223100 1226676.538731
0.223000 1223862.401295
0.222900 1222870.108328
0.222800 1223005.272582
0.222700 1223584.322393
0.222600 1223672.314643
0.222500 1224215.215891
0.222400 1225453.750266
0.222300 1226061.799181
0.222200 1222220.540753
0.222100 1224535.819500
0.222000 1225237.677484
0.221900 1225645.308978
0.221800 1222960.920993
0.221700 1224275.662863
0.221600 1225373.188517
0.221500 1224998.310670
0.221400 1224579.967016
0.221300 1224763.663449
0.221200 1223611.390797
0.221100 1222944.906674
0.221000 1222549.153224
0.220900 1224301.533037
0.220800 1224334.488180
0.220700 1223894.834237
0.220600 1224743.461349
0.220500 1227537.959551
0.220400 1223421.105937
0.220300 1224735.409759
0.220200 1223333.928348
0.220100 1222792.869849
0.220000 1224156.122220
0.219900 1222632.595281
0.219800 1224397.203421
0.219700 1225504.653622
0.219600 1224113.040053
0.219500 1224456.120620
0.219400 1224472.146379
0.219300 1223200.873045
0.219200 1225494.412500
0.219100 1224221.312610
0.219000 1223363.569090
0.218900 1223073.327466
0.218800 1224053.177637
0.218700 1225235.157226
0.218600 1224667.149066
0.218500 1224782.658321
0.218400 1221260.089434
0.218300 1225042.300665
0.218200 1225122.712360
0.218100 1224644.545484
0.218000 1222582.757078
0.217900 1223981.279860
0.217800 1223905.542578
0.217700 1226876.415034
0.217600 1225247.603341
0.217500 1224362.824442
0.217400 1223976.075639
0.217300 1224045.391600
0.217200 1224088.030185
0.217100 1223553.309901
0.217000 1224715.248143
0.216900 1223691.759899
0.216800 1224640.189249
0.216700 1223931.390734
0.216600 1222885.312708
0.216500 1222325.129823
0.216400 1224910.863800
0.216300 1224347.233534
0.216200 1224643.700959
0.216100 1223281.036522
0.216000 1224169.032513
0.215900 1224932.679913
0.215800 1224204.360511
0.215700 1224822.383561
0.215600 1223976.724139
0.215500 1224216.671896
0.215400 1226204.657963
0.215300 1224330.234142
0.215200 1224234.481426
0.215100 1220336.741560
0.215000 1222348.885101
0.214900 1223003.622708
0.214800 1223486.928721
0.214700 1224033.419398
0.214600 1223883.934418
0.214500 1224994.756402
0.214400 1222511.753466
0.214300 1222632.486083
0.214200 1224342.996495
0.214100 1223705.869993
0.214000 1223936.321211
0.213900 1224025.511523
0.213800 1223847.322004
0.213700 1223002.937085
0.213600 1225569.596766
0.213500 1224546.307448
0.213400 1224521.282111
0.213300 1223261.102172
0.213200 1225937.334497
0.213100 1224518.616398
0.213000 1224918.920326
0.212900 1223468.046501
0.212800 1223934.832774
0.212700 1221847.642097
0.212600 1225821.937315
0.212500 1225317.843775
0.212400 1224490.672954
0.212300 1226339.592420
0.212200 1227568.347875
0.212100 1224322.246626
0.212000 1223515.962606
0.211900 1223941.627499
0.211800 1225890.609055
0.211700 1222895.194121
0.211600 1221617.709922
0.211500 1223195.405337
0.211400 1222632.109475
0.211300 1225820.946268
0.211200 1222058.920959
0.211100 1225420.799707
0.211000 1225154.956489
0.210900 1222163.666915
0.210800 1223850.101168
0.210700 1222435.929600
0.210600 1223751.034327
0.210500 1224083.966038
0.210400 1224302.201191
0.210300 1225038.675146
0.210200 1223746.811520
0.210100 1223682.759453
0.210000 1225310.847816
0.209900 1224067.266930
0.209800 1224488.781589
0.209700 1224203.573236
0.209600 1224507.030807
0.209500 1225284.877436
0.209400 1222654.485213
0.209300 1224875.660932
0.209200 1223764.764364
0.209100 1222336.796585
0.209000 1226066.717746
0.208900 1223204.263844
0.208800 1225095.570117
0.208700 1223665.090412
0.208600 1222657.138850
0.208500 1223699.079007
0.208400 1222412.155418
0.208300 1223949.726853
0.208200 1223328.703677
0.208100 1225856.700656
0.208000 1224687.084510
0.207900 1223469.428556
0.207800 1223052.004716
0.207700 1225626.138520
0.207600 1223909.185579
0.207500 1225577.961963
0.207400 1221975.442847
0.207300 1225350.428213
0.207200 1223458.979111
0.207100 1222912.372073
0.207000 1224509.618373
0.206900 1223142.612209
0.206800 1224288.514047
0.206700 1224342.578996
0.206600 1223652.381597
0.206500 1225802.743210
0.206400 1223393.459123
0.206300 1222124.071808
0.206200 1224576.197917
0.206100 1225138.426925
0.206000 1224511.051787
0.205900 1223949.497179
0.205800 1224661.791363
0.205700 1224219.276169
0.205600 1224500.372055
0.205500 1223474.365456
0.205400 1223958.785810
0.205300 1223520.214055
0.205200 1222289.443439
0.205100 1223322.536575
0.205000 1225239.027802
0.204900 1226376.865232
0.204800 1222980.297023
0.204700 1224205.889984
0.204600 1221526.194180
0.204500 1220812.835340
0.204400 1224734.224075
0.204300 1224921.526509
0.204200 1224341.371057
0.204100 1223009.504256
0.204000 1224141.387963
0.203900 1222790.533817
0.203800 1226864.839678
0.203700 1221978.509672
0.203600 1223231.877557
0.203500 1222314.172617
0.203400 1224400.358676
0.203300 1224328.482741
0.203200 1222405.754543
0.203100 1223945.699756
0.203000 1225856.832925
0.202900 1225502.994757
0.202800 1224431.837903
0.202700 1223332.680935
0.202600 1221884.937859
0.202500 1222047.907797
0.202400 1223791.991120
0.202300 1224665.647559
0.202200 1223493.085764
0.202100 1223544.255064
0.202000 1223450.138081
0.201900 1225320.874776
0.201800 1224547.721053
0.201700 1223906.368781
0.201600 1222750.264929
0.201500 1223793.262037
0.201400 1226047.839641
0.201300 1223599.090501
0.201200 1223380.192517
0.201100 1225015.442655
0.201000 1223500.621663
0.200900 1221749.565306
0.200800 1223202.434479
0.200700 1224206.514524
0.200600 1226149.658183
0.200500 1223157.152036
0.200400 1222553.161628
0.200300 1224950.296336
0.200200 1222966.163476
0.200100 1224700.413837
0.200000 1224930.812715
0.199900 1222945.234284
0.199800 1221938.789028
0.199700 1223404.175744
0.199600 1223798.038839
0.199500 1224397.033256
0.199400 1222010.427044
0.199300 1224088.893582
0.199200 1226572.378722
0.199100 1224125.179625
0.199000 1226183.890191
0.198900 1224207.050363
0.198800 1223171.244869
0.198700 1224568.849850
0.198600 1224545.052945
0.198500 1225334.721336
0.198400 1225442.991306
0.198300 1222382.567704
0.198200 1225088.815360
0.198100 1223632.516704
0.198000 1223489.407008
0.197900 1223859.080875
0.197800 1223592.152541
0.197700 1224257.873716
0.197600 1222502.371057
0.197500 1224362.313299
0.197400 1222785.104528
0.197300 1225047.738500
0.197200 1225267.429375
0.197100 1225406.479217
0.197000 1223444.286868
0.196900 1224156.489324
0.196800 1227224.815532
0.196700 1223911.779153
0.196600 1224052.178373
0.196500 1225470.469390
0.196400 1225820.034326
0.196300 1224613.731826
0.196200 1225706.702749
0.196100 1223873.656375
0.196000 1225282.820621
0.195900 1222923.469581
0.195800 1224233.877307
0.195700 1223372.081094
0.195600 1224388.524926
0.195500 1223913.442784
0.195400 1223643.217137
0.195300 1223036.340124
0.195200 1223715.486268
0.195100 1225031.181559
0.195000 1224461.154941
0.194900 1224793.433755
0.194800 1224585.278894
0.194700 1224841.271716
0.194600 1224435.718845
0.194500 1222996.354677
0.194400 1223243.724076
0.194300 1224829.354398
0.194200 1226938.161196
0.194100 1222927.513307
0.194000 1222832.143731
0.193900 1225641.585727
0.193800 1225612.196426
0.193700 1223307.186063
0.193600 1223060.112235
0.193500 1223842.159950
0.193400 1223522.181947
0.193300 1224162.141478
0.193200 1225913.815077
0.193100 1225222.314144
0.193000 1226264.067591
0.192900 1222903.019814
0.192800 1225613.008387
0.192700 1223905.615601
0.192600 1225023.434135
0.192500 1224077.684652
0.192400 1223844.415573
0.192300 1224357.686397
0.192200 1224349.429833
0.192100 1224410.193525
0.192000 1223850.851829
0.191900 1224695.304486
0.191800 1223424.226425
0.191700 1223340.133674
0.191600 1224494.314457
0.191500 1221573.142062
0.191400 1224985.046951
0.191300 1224747.406531
0.191200 1223400.088691
0.191100 1223275.562790
0.191000 1223694.857017
0.190900 1223120.856755
0.190800 1226254.790654
0.190700 1225745.158810
0.190600 1224273.671537
0.190500 1226159.921588
0.190400 1224117.041037
0.190300 1224245.096438
0.190200 1224957.441510
0.190100 1223236.710859
0.190000 1222478.421978
0.189900 1221021.484003
0.189800 1225719.966741
0.189700 1223950.183335
0.189600 1222590.745216
0.189500 1224347.778495
0.189400 1225863.470574
0.189300 1223239.363988
0.189200 1224919.579732
0.189100 1224179.201664
0.189000 1224693.949439
0.188900 1223802.563025
0.188800 1224199.366105
0.188700 1225495.502752
0.188600 1221643.636554
0.188500 1224071.547351
0.188400 1224019.517415
0.188300 1222309.350811
0.188200 1224873.642914
0.188100 1222256.650312
0.188000 1226106.801656
0.187900 1223295.087629
0.187800 1222614.843561
0.187700 1222565.606285
0.187600 1224616.214452
0.187500 1225056.853213
0.187400 1224256.083824
0.187300 1223960.347913
0.187200 1222151.085722
0.187100 1225633.129886
0.187000 1224813.489435
0.186900 1222617.512117
0.186800 1226285.649990
0.186700 1226436.535881
0.186600 1223507.815569
0.186500 1223015.274219
0.186400 1224801.724593
0.186300 1225393.506586
0.186200 1225481.840025
0.186100 1225637.060144
0.186000 1224064.440553
0.185900 1224256.663281
0.185800 1225850.641274
0.185700 1224644.664421
0.185600 1223377.833509
0.185500 1226249.235022
0.185400 1225672.293693
0.185300 1223830.737299
0.185200 1224233.239566
0.185100 1225275.222163
0.185000 1223290.912217
0.184900 1223683.829529
0.184800 1223794.690115
0.184700 1224320.747824
0.184600 1224345.943335
0.184500 1225233.583409
0.184400 1223751.990252
0.184300 1225309.658474
0.184200 1224037.352162
0.184100 1224198.249178
0.184000 1225326.124452
0.183900 1223086.193370
0.183800 1225250.501058
0.183700 1222587.168285
0.183600 1224187.602190
0.183500 1221331.773781
0.183400 1225766.329289
0.183300 1226075.739193
0.183200 1225169.816462
0.183100 1223466.664415
0.183000 1224586.941760
0.182900 1223820.915937
0.182800 1223906.759041
0.182700 1226558.028588
0.182600 1222687.908869
0.182500 1224990.242215
0.182400 1222249.786413
0.182300 1225124.233717
0.182200 1226804.546086
0.182100 1222314.889370
0.182000 1223419.695361
0.181900 1224591.708990
0.181800 1226859.296199
0.181700 1222603.700658
0.181600 1224615.125656
0.181500 1227152.186170
0.181400 1225042.416250
0.181300 1224657.404760
0.181200 1226448.462191
0.181100 1225214.093378
0.181000 1223158.957096
0.180900 1223787.227496
0.180800 1224146.828003
0.180700 1222284.485302
0.180600 1224516.662221
0.180500 1226702.567882
0.180400 1222860.163692
0.180300 1226386.356050
0.180200 1224051.247387
0.180100 1226085.177178
0.180000 1223865.514304
0.179900 1223255.012599
0.179800 1220277.920433
0.179700 1223085.509104
0.179600 1223214.970786
0.179500 1223698.614516
0.179400 1224193.823469
0.179300 1224941.387963
0.179200 1223164.810951
0.179100 1222763.153238
0.179000 1226388.197884
0.178900 1224162.482380
0.178800 1223956.136937
0.178700 1223078.023078
0.178600 1224168.512850
0.178500 1223604.820939
0.178400 1224844.396462
0.178300 1225746.801527
0.178200 1223340.331183
0.178100 1222403.567716
0.178000 1222232.312365
0.177900 1221810.362020
0.177800 1226175.156084
0.177700 1222064.308251
0.177600 1223430.297157
0.177500 1226270.983928
0.177400 1222018.310765
0.177300 1224753.043435
0.177200 1223619.877255
0.177100 1224648.860573
0.177000 1224783.024518
0.176900 1222667.873795
0.176800 1222442.006278
0.176700 1225022.217963
0.176600 1224105.353559
0.176500 1224778.539199
0.176400 1225343.322249
0.176300 1225022.293227
0.176200 1224834.078854
0.176100 1222745.468398
0.176000 1223689.410895
0.175900 1225590.351503
0.175800 1223977.061577
0.175700 1222576.563268
0.175600 1222986.526403
0.175500 1223009.067568
0.175400 1226415.989861
0.175300 1225579.668435
0.175200 1224935.040238
0.175100 1225666.576360
0.175000 1221090.801554
0.174900 1227480.627907
0.174800 1224703.894219
0.174700 1223949.016821
0.174600 1225414.080860
0.174500 1225110.976232
0.174400 1224200.128342
0.174300 1225058.658281
0.174200 1225731.065372
0.174100 1222496.349435
0.174000 1222839.978472
0.173900 1221494.706766
0.173800 1223172.433570
0.173700 1227644.586315
0.173600 1226231.142426
0.173500 1224999.949236
0.173400 1224660.720393
0.173300 1224914.720620
0.173200 1225020.213565
0.173100 1222900.021597
0.173000 1224482.531188
0.172900 1223092.938042
0.172800 1224207.761586
0.172700 1223520.855634
0.172600 1226653.141551
0.172500 1224337.599921
0.172400 1224881.224386
0.172300 1223483.460547
0.172200 1224080.831211
0.172100 1222385.462198
0.172000 1224505.177155
0.171900 1224627.592503
0.171800 1224565.405073
0.171700 1223757.447529
0.171600 1223580.711447
0.171500 1223698.744198
0.171400 1224724.173773
0.171300 1223484.894609
0.171200 1224543.661420
0.171100 1224789.513995
0.171000 1224318.723683
0.170900 1224479.663834
0.170800 1226050.563788
0.170700 1222679.283809
0.170600 1223396.744452
0.170500 1224439.321189
0.170400 1224013.275342
0.170300 1223533.941904
0.170200 1224629.549017
0.170100 1224916.833917
0.170000 1223188.594550
0.169900 1224135.567065
0.169800 1224919.419993
0.169700 1225058.526076
0.169600 1226156.385785
0.169500 1223719.502020
0.169400 1221423.675079
0.169300 1223144.434736
0.169200 1223922.709939
0.169100 1224127.895757
0.169000 1225946.440800
0.168900 1224593.172848
0.168800 1224720.479760
0.168700 1226899.577802
0.168600 1223099.014917
0.168500 1225359.076131
0.168400 1223737.904459
0.168300 1227454.348338
0.168200 1223998.543124
0.168100 1224336.335164
0.168000 1225313.872832
0.167900 1225947.753057
0.167800 1223132.625398
0.167700 1224950.950725
0.167600 1221809.714276
0.167500 1223147.313545
0.167400 1223137.942490
0.167300 1222220.686250
0.167200 1226008.491698
0.167100 1223654.729241
0.167000 1225601.975187
0.166900 1221588.566671
0.166800 1227425.288282
0.166700 1226383.175066
0.166600 1223832.605915
0.166500 1224974.539847
0.166400 1221576.164339
0.166300 1223631.949770
0.166200 1222501.558377
0.166100 1222374.802696
0.166000 1227058.070487
0.165900 1223731.661820
0.165800 1225069.386021
0.165700 1222901.180779
0.165600 1224669.327496
0.165500 1226043.785920
0.165400 1224509.498760
0.165300 1221759.846026
0.165200 1226078.518969
0.165100 1224537.648993
0.165000 1221893.162395
0.164900 1222652.196335
0.164800 1225253.738696
0.164700 1223216.092735
0.164600 1224240.755195
0.164500 1224586.629651
0.164400 1222672.167477
0.164300 1223005.232295
0.164200 1225061.125187
0.164100 1224070.807762
0.164000 1225033.683530
0.163900 1223847.248057
0.163800 1222813.534241
0.163700 1223404.608251
0.163600 1227021.656801
0.163500 1225335.690478
0.163400 1224375.178850
0.163300 1224937.269098
0.163200 1222967.841239
0.163100 1223436.771876
0.163000 1223195.175340
0.162900 1223472.822208
0.162800 1221125.961990
0.162700 1223147.547503
0.162600 1225116.671118
0.162500 1223998.553662
0.162400 1223503.287440
0.162300 1224481.672547
0.162200 1225374.381397
0.162100 1224849.277921
0.162000 1223631.107130
0.161900 1225398.747400
0.161800 1223754.249754
0.161700 1223023.791536
0.161600 1223348.102258
0.161500 1226613.713028
0.161400 1223716.224756
0.161300 1224066.950574
0.161200 1220793.550188
0.161100 1224461.375016
0.161000 1225076.335392
0.160900 1225034.682718
0.160800 1223236.372125
0.160700 1224639.464583
0.160600 1223757.955206
0.160500 1224260.867214
0.160400 1224224.593103
0.160300 1226810.630180
0.160200 1223613.803201
0.160100 1223790.423884
0.160000 1224207.346010
0.159900 1222463.637104
0.159800 1224614.560721
0.159700 1224117.898979
0.159600 1223656.341808
0.159500 1226561.510097
0.159400 1222767.833561
0.159300 1224848.185334
0.159200 1223736.902091
0.159100 1223625.806940
0.159000 1226151.840168
0.158900 1222578.476175
0.158800 1223993.777879
0.158700 1225124.979957
0.158600 1224207.222010
0.158500 1223112.366966
0.158400 1222977.973881
0.158300 1223829.499959
0.158200 1224547.339625
0.158100 1224523.461471
0.158000 1222343.031362
0.157900 1223202.593561
0.157800 1223572.915475
0.157700 1224227.031686
0.157600 1224902.396293
0.157500 1224127.819674
0.157400 1223922.542911
0.157300 1224086.500370
0.157200 1225110.935828
0.157100 1225005.791766
0.157000 1226394.782572
0.156900 1222799.652499
0.156800 1223177.813093
0.156700 1223082.160177
0.156600 1224986.882281
0.156500 1223662.019543
0.156400 1224491.878377
0.156300 1222348.641331
0.156200 1224002.662149
0.156100 1226466.888143
0.156000 1224603.868756
0.155900 1225684.875167
0.155800 1225120.975394
0.155700 1224674.386463
0.155600 1223345.753825
0.155500 1224814.282127
0.155400 1226763.449821
0.155300 1223158.842119
0.155200 1225287.159323
0.155100 1222602.614632
0.155000 1223797.010910
0.154900 1223050.876276
0.154800 1224323.181516
0.154700 1224816.041203
0.154600 1224122.079696
0.154500 1224139.758293
0.154400 1222495.196088
0.154300 1226350.511503
0.154200 1225404.466912
0.154100 1223291.747061
0.154000 1224267.272337
0.153900 1223723.330362
0.153800 1224824.786269
0.153700 1224297.022892
0.153600 1222680.836447
0.153500 1226226.483916
0.153400 1226176.963883
0.153300 1222071.773714
0.153200 1224391.274879
0.153100 1223727.802657
0.153000 1220791.698632
0.152900 1224999.900941
0.152800 1225550.581479
0.152700 1223590.261854
0.152600 1226262.970226
0.152500 1220365.601896
0.152400 1223927.982079
0.152300 1224271.855632
0.152200 1223788.766985
0.152100 1223845.302774
0.152000 1224763.503179
0.151900 1222915.239385
0.151800 1224145.403182
0.151700 1224780.726742
0.151600 1223749.784726
0.151500 1221974.192654
0.151400 1224831.259024
0.151300 1220021.059950
0.151200 1223746.556377
0.151100 1225314.141441
0.151000 1224492.371806
0.150900 1222258.381491
0.150800 1225487.183567
0.150700 1224825.185473
0.150600 1225336.270966
0.150500 1224444.763411
0.150400 1223438.765489
0.150300 1224763.234946
0.150200 1225652.282585
0.150100 1221988.709821
0.150000 1224455.702604
0.149900 1222865.698923
0.149800 1224163.096381
0.149700 1224310.669370
0.149600 1221078.980163
0.149500 1225267.144862
0.149400 1224287.308820
0.149300 1224126.712210
0.149200 1222644.217485
0.149100 1222650.259708
0.149000 1226542.758722
0.148900 1225220.994780
0.148800 1224774.959581
0.148700 1225802.223048
0.148600 1224348.404172
0.148500 1226035.816355
0.148400 1224589.323390
0.148300 1223617.888679
0.148200 1226153.578384
0.148100 1223334.919175
0.148000 1224457.522482
0.147900 1224134.656849
0.147800 1224603.303149
0.147700 1224200.318248
0.147600 1224623.254495
0.147500 1224586.155124
0.147400 1222735.100432
0.147300 1226083.359493
0.147200 1222626.110868
0.147100 1225000.873540
0.147000 1223897.984533
0.146900 1224021.933529
0.146800 1224307.021343
0.146700 1222650.935904
0.146600 1226983.728995
0.146500 1222247.890438
0.146400 1222239.840084
0.146300 1223447.391266
0.146200 1222555.543629
0.146100 1224743.996021
0.146000 1224136.933587
0.145900 1222766.933707
0.145800 1228663.034352
0.145700 1225399.726201
0.145600 1223011.458956
0.145500 1221855.980756
0.145400 1226030.471629
0.145300 1223910.754408
0.145200 1226683.238963
0.145100 1223676.876283
0.145000 1225231.757777
0.144900 1223981.418671
0.144800 1225411.040114
0.144700 1222471.000311
0.144600 1225331.343450
0.144500 1221869.303586
0.144400 1221961.219531
0.144300 1224104.211140
0.144200 1223261.661787
0.144100 1223296.487109
0.144000 1222646.642332
0.143900 1225236.460243
0.143800 1223689.349829
0.143700 1225494.937553
0.143600 1224011.897974
0.143500 1224340.914596
0.143400 1224664.974074
0.143300 1222927.325093
0.143200 1225805.700167
0.143100 1223386.144283
0.143000 1225982.233551
0.142900 1227475.118561
0.142800 1221274.255084
0.142700 1224942.829290
0.142600 1224921.079731
0.142500 1225742.155318
0.142400 1223768.903794
0.142300 1224204.450816
0.142200 1225118.512008
0.142100 1226155.715458
0.142000 1226967.829785
0.141900 1223412.723586
0.141800 1224152.143010
0.141700 1223089.781463
0.141600 1225190.832275
0.141500 1224111.732571
0.141400 1223526.306568
0.141300 1224224.717641
0.141200 1224643.339811
0.141100 1222853.848177
0.141000 1222582.868609
0.140900 1227592.931407
0.140800 1225898.277935
0.140700 1224044.717909
0.140600 1225684.479818
0.140500 1224004.308939
0.140400 1224923.792408
0.140300 1223798.592965
0.140200 1223869.331019
0.140100 1220227.113536
0.140000 1224046.418621
0.139900 1224827.242703
0.139800 1221831.568404
0.139700 1225985.637254
0.139600 1224233.859251
0.139500 1223681.290500
0.139400 1223061.491178
0.139300 1222719.311569
0.139200 1225242.235747
0.139100 1224362.226401
0.139000 1226819.101523
0.138900 1225874.927823
0.138800 1220998.882652
0.138700 1225140.292156
0.138600 1223780.005082
0.138500 1223587.836102
0.138400 1226524.981342
0.138300 1225119.334073
0.138200 1225631.905026
0.138100 1226448.855696
0.138000 1224854.008263
0.137900 1223889.263013
0.137800 1225013.410370
0.137700 1224693.183160
0.137600 1223038.459290
0.137500 1224050.054471
0.137400 1224497.373287
0.137300 1224427.245166
0.137200 1224708.282315
0.137100 1222976.092810
0.137000 1223797.440711
0.136900 1225412.178499
0.136800 1224104.187407
0.136700 1224976.587555
0.136600 1224225.243712
0.136500 1222776.648826
0.136400 1223688.764521
0.136300 1224390.420021
0.136200 1226969.155045
0.136100 1223709.003625
0.136000 1224515.808711
0.135900 1225513.064338
0.135800 1225257.281921
0.135700 1221537.997115
0.135600 1222545.174015
0.135500 1223417.798153
0.135400 1222551.320404
0.135300 1223952.674691
0.135200 1226051.434027
0.135100 1224539.614347
0.135000 1223300.017379
0.134900 1224887.438417
0.134800 1222894.582909
0.134700 1221974.142159
0.134600 1224250.800697
0.134500 1222668.724596
0.134400 1225886.358461
0.134300 1223676.075131
0.134200 1223856.594789
0.134100 1221684.966151
0.134000 1223607.022984
0.133900 1225378.636437
0.133800 1225196.520863
0.133700 1222990.631775
0.133600 1225611.232195
0.133500 1223722.696036
0.133400 1225385.426154
0.133300 1227460.019578
0.133200 1223205.490039
0.133100 1223580.151887
0.133000 1226506.544211
0.132900 1223521.953483
0.132800 1223084.023086
0.132700 1224914.014890
0.132600 1223513.928437
0.132500 1224957.793886
0.132400 1225322.181972
0.132300 1223213.791524
0.132200 1224605.702535
0.132100 1223926.973737
0.132000 1223454.192773
0.131900 1222809.725112
0.131800 1224149.262161
0.131700 1223537.069705
0.131600 1224404.320935
0.131500 1222996.908516
0.131400 1224728.639659
0.131300 1221510.941344
0.131200 1221866.716282
0.131100 1222295.970958
0.131000 1224195.893362
0.130900 1224907.750347
0.130800 1225731.353919
0.130700 1224240.774328
0.130600 1224109.064378
0.130500 1222896.023988
0.130400 1228271.809296
0.130300 1224277.361305
0.130200 1227394.667333
0.130100 1225323.216573
0.130000 1222937.202913
0.129900 1221323.892901
0.129800 1223443.936103
0.129700 1224854.323939
0.129600 1223918.250717
0.129500 1226826.197051
0.129400 1224393.313060
0.129300 1224945.550440
0.129200 1226413.006596
0.129100 1224220.969501
0.129000 1223914.228099
0.128900 1224462.399596
0.128800 1225621.160377
0.128700 1225277.675787
0.128600 1221869.338838
0.128500 1221374.712885
0.128400 1228151.972758
0.128300 1224139.324374
0.128200 1222329.039439
0.128100 1224956.781143
0.128000 1226293.822368
0.127900 1221501.706322
0.127800 1222658.583872
0.127700 1226640.322976
0.127600 1225790.203031
0.127500 1222915.016084
0.127400 1223004.789173
0.127300 1223289.013467
0.127200 1222436.357011
0.127100 1222980.054594
0.127000 1224298.935198
0.126900 1223754.339917
0.126800 1223255.461358
0.126700 1222563.342160
0.126600 1224731.544042
0.126500 1224148.051993
0.126400 1225258.234583
0.126300 1222329.429193
0.126200 1225366.920161
0.126100 1224032.059578
0.126000 1223600.233742
0.125900 1225675.776346
0.125800 1225268.626149
0.125700 1224131.104377
0.125600 1221505.982377
0.125500 1224057.940182
0.125400 1224266.143432
0.125300 1225011.630643
0.125200 1223286.252890
0.125100 1226640.586228
0.125000 1223994.428550
0.124900 1223787.252224
0.124800 1225769.422451
0.124700 1226151.861708
0.124600 1225681.799623
0.124500 1224878.081704
0.124400 1224059.992530
0.124300 1226701.707698
0.124200 1224358.276164
0.124100 1224999.603152
0.124000 1224770.265077
0.123900 1225982.951609
0.123800 1221865.881573
0.123700 1224963.531186
0.123600 1224196.667331
0.123500 1223092.999194
0.123400 1228159.312159
0.123300 1224116.089787
0.123200 1221998.969535
0.123100 1227308.683046
0.123000 1227794.744202
0.122900 1222650.625143
0.122800 1224659.170430
0.122700 1222591.353930
0.122600 1224571.295262
0.122500 1225430.261271
0.122400 1221466.088633
0.122300 1226826.842576
0.122200 1224420.098159
0.122100 1224689.769703
0.122000 1224070.669722
0.121900 1222147.628625
0.121800 1225048.222331
0.121700 1224922.289638
0.121600 1225647.991472
0.121500 1224108.590434
0.121400 1224618.233843
0.121300 1226423.113922
0.121200 1224016.686976
0.121100 1224759.947293
0.121000 1223535.837866
0.120900 1224421.357630
0.120800 1224343.026732
0.120700 1220879.044316
0.120600 1224583.136759
0.120500 1225635.654080
0.120400 1225579.061854
0.120300 1222640.430680
0.120200 1225451.905870
0.120100 1225751.617356
0.120000 1221818.059501
0.119900 1224676.613026
0.119800 1225226.240208
0.119700 1224138.099247
0.119600 1224701.441297
0.119500 1222333.125460
0.119400 1223311.301849
0.119300 1224568.531600
0.119200 1224666.374352
0.119100 1229397.832661
0.119000 1224130.064308
0.118900 1222553.392234
0.118800 1224660.233040
0.118700 1225230.900778
0.118600 1226651.245521
0.118500 1224472.895175
0.118400 1224372.756136
0.118300 1225000.125322
0.118200 1222915.326181
0.118100 1223569.586367
0.118000 1221317.161454
0.117900 1222226.962008
0.117800 1224082.053918
0.117700 1224058.226923
0.117600 1221953.301998
0.117500 1225336.509653
0.117400 1223989.749878
0.117300 1224778.285805
0.117200 1224913.294611
0.117100 1226676.130194
0.117000 1225552.180235
0.116900 1225242.793904
0.116800 1224717.749598
0.116700 1225235.291708
0.116600 1222537.181973
0.116500 1223793.439709
0.116400 1225985.526205
0.116300 1222534.031625
0.116200 1223486.869315
0.116100 1225631.860417
0.116000 1225920.219964
0.115900 1221012.977744
0.115800 1225965.572463
0.115700 1223261.299682
0.115600 1223299.391777
0.115500 1223600.028399
0.115400 1226364.136820
0.115300 1225933.433412
0.115200 1223876.514898
0.115100 1224404.986596
0.115000 1223579.846071
0.114900 1225077.392025
0.114800 1221247.439133
0.114700 1224015.874255
0.114600 1223719.130517
0.114500 1224982.943135
0.114400 1223705.228712
0.114300 1223187.048268
0.114200 1225328.233025
0.114100 1222086.686436
0.114000 1224629.133476
0.113900 1224961.020006
0.113800 1221629.186917
0.113700 1222630.879368
0.113600 1224023.853505
0.113500 1224191.452861
0.113400 1224481.777645
0.113300 1225247.857031
0.113200 1226055.718588
0.113100 1225412.333161
0.113000 1224697.369009
0.112900 1220807.474496
0.112800 1224659.766568
0.112700 1223783.489746
0.112600 1225946.196709
0.112500 1224894.646020
0.112400 1224951.671987
0.112300 1221773.689420
0.112200 1223893.165800
0.112100 1223521.819327
0.112000 1225150.102622
0.111900 1226354.663701
0.111800 1225363.915814
0.111700 1225702.064559
0.111600 1224646.919518
0.111500 1223537.249906
0.111400 1225225.227121
0.111300 1222366.292291
0.111200 1224692.794249
0.111100 1223103.868910
0.111000 1224661.272202
0.110900 1223591.090902
0.110800 1223085.375137
0.110700 1224525.501240
0.110600 1222986.221749
0.110500 1221125.608172
0.110400 1224452.261548
0.110300 1225491.251861
0.110200 1223375.446876
0.110100 1226293.878949
0.110000 1223536.333075
0.109900 1225180.863619
0.109800 1222572.539754
0.109700 1227527.849497
0.109600 1221202.947442
0.109500 1224593.893685
0.109400 1223671.225680
0.109300 1222411.638495
0.109200 1225091.711503
0.109100 1224467.541043
0.109000 1222530.086749
0.108900 1221365.155906
0.108800 1223274.771818
0.108700 1225528.667844
0.108600 1227995.313817
0.108500 1226651.735048
0.108400 1222940.817417
0.108300 1226639.510780
0.108200 1223500.086262
0.108100 1224168.999239
0.108000 1225037.976255
0.107900 1222223.461024
0.107800 1226514.803692
0.107700 1225662.605804
0.107600 1223515.029712
0.107500 1224432.577162
0.107400 1224774.281192
0.107300 1226774.232943
0.107200 1224090.315843
0.107100 1223675.728132
0.107000 1224966.948530
0.106900 1223237.414579
0.106800 1223320.496841
0.106700 1224036.172109
0.106600 1223187.490938
0.106500 1223205.291629
0.106400 1224822.119300
0.106300 1223460.038346
0.106200 1225274.456742
0.106100 1224382.158771
0.106000 1224344.706153
0.105900 1226382.485367
0.105800 1224869.821733
0.105700 1225925.414136
0.105600 1222678.662149
0.105500 1225579.224508
0.105400 1221821.716994
0.105300 1223579.534185
0.105200 1221705.203165
0.105100 1222614.288279
0.105000 1226108.624906
0.104900 1226200.689941
0.104800 1223649.760944
0.104700 1224087.887222
0.104600 1220430.459670
0.104500 1224128.685633
0.104400 1226596.605451
0.104300 1223731.958696
0.104200 1221994.658363
0.104100 1224744.083255
0.104000 1224571.607839
0.103900 1222018.250352
0.103800 1223946.978490
0.103700 1222837.020865
0.103600 1222242.709869
0.103500 1222034.306787
0.103400 1222065.534015
0.103300 1225824.672766
0.103200 1222618.773323
0.103100 1223877.358323
0.103000 1224662.924733
0.102900 1225806.472782
0.102800 1226672.837467
0.102700 1222079.831529
0.102600 1225939.987492
0.102500 1225561.581838
0.102400 1223878.915007
0.102300 1227174.624899
0.102200 1225948.421581
0.102100 1225491.430099
0.102000 1223870.009449
0.101900 1225313.438378
0.101800 1228822.896784
0.101700 1227122.869835
0.101600 1225439.787233
0.101500 1221682.029843
0.101400 1223946.525484
0.101300 1225966.178111
0.101200 1223311.549637
0.101100 1222815.503097
0.101000 1223863.997643
0.100900 1224197.692172
0.100800 1222647.314224
0.100700 1222291.841315
0.100600 1224193.381601
0.100500 1226246.965127
0.100400 1223013.658734
0.100300 1226520.259342
0.100200 1220005.713428
0.100100 1224769.676684
0.100000 1227350.992431
0.099900 1224242.144325
0.099800 1225511.454475
0.099700 1225400.579857
0.099600 1225011.253191
0.099500 1225950.141578
0.099400 1226469.031854
0.099300 1225792.714051
0.099200 1222254.842487
0.099100 1222795.068377
0.099000 1224548.730659
0.098900 1224094.405329
0.098800 1222691.061328
0.098700 1223792.779020
0.098600 1223867.532063
0.098500 1224619.014306
0.098400 1226593.671282
0.098300 1222407.221445
0.098200 1224860.577395
0.098100 1224717.649159
0.098000 1227642.931511
0.097900 1222383.750385
0.097800 1223062.124380
0.097700 1225126.681534
0.097600 1224450.831442
0.097500 1224156.383241
0.097400 1226218.221655
0.097300 1226013.318361
0.097200 1227164.617058
0.097100 1224023.286715
0.097000 1222998.494689
0.096900 1226335.276269
0.096800 1222825.323829
0.096700 1223833.641186
0.096600 1221591.946897
0.096500 1222411.860793
0.096400 1223728.015078
0.096300 1224026.142152
0.096200 1225950.032932
0.096100 1223452.790541
0.096000 1226640.218099
0.095900 1224204.331531
0.095800 1223559.256353
0.095700 1226275.392188
0.095600 1223185.007739
0.095500 1224295.114075
0.095400 1225383.175180
0.095300 1223010.158784
0.095200 1223008.722579
0.095100 1225043.773612
0.095000 1223828.331692
0.094900 1225879.840812
0.094800 1226185.414657
0.094700 1225787.647505
0.094600 1222365.547477
0.094500 1225306.117688
0.094400 1221721.478919
0.094300 1222226.223287
0.094200 1228315.774156
0.094100 1222994.087633
0.094000 1222563.565686
0.093900 1225288.554452
0.093800 1222073.674777
0.093700 1222659.087590
0.093600 1221081.082003
0.093500 1227008.789008
0.093400 1223712.481199
0.093300 1226584.019240
0.093200 1226571.889214
0.093100 1222518.350574
0.093000 1224772.171028
0.092900 1222589.382291
0.092800 1223091.546313
0.092700 1227552.294116
0.092600 1223943.931136
0.092500 1225077.774306
0.092400 1225168.559496
0.092300 1223741.486232
0.092200 1225812.763933
0.092100 1220943.873426
0.092000 1227334.560659
0.091900 1223735.349022
0.091800 1226941.828471
0.091700 1220739.827355
0.091600 1224277.732618
0.091500 1219688.670043
0.091400 1226155.087315
0.091300 1222366.346129
0.091200 1224792.390277
0.091100 1224875.908099
0.091000 1223390.438370
0.090900 1223732.976362
0.090800 1224186.431677
0.090700 1223224.654324
0.090600 1223405.757156
0.090500 1227214.441487
0.090400 1224298.377346
0.090300 1223616.388976
0.090200 1224892.271416
0.090100 1226331.462924
0.090000 1225510.120120
0.089900 1223624.957173
0.089800 1225625.889211
0.089700 1223805.682880
0.089600 1224027.317264
0.089500 1225472.925878
0.089400 1222332.414132
0.089300 1224162.706875
0.089200 1221526.831241
0.089100 1221416.087290
0.089000 1226370.048569
0.088900 1227140.574269
0.088800 1219863.028117
0.088700 1223823.027096
0.088600 1225096.831623
0.088500 1222499.362118
0.088400 1226176.923010
0.088300 1222202.288385
0.088200 1223621.114576
0.088100 1222853.807642
0.088000 1222087.819043
0.087900 1223449.179175
0.087800 1220442.645961
0.087700 1224537.147265
0.087600 1224175.481460
0.087500 1224246.751197
0.087400 1224291.332249
0.087300 1222413.757028
0.087200 1225966.636706
0.087100 1223037.526816
0.087000 1224812.033055
0.086900 1222770.462554
0.086800 1224892.706647
0.086700 1226344.627991
0.086600 1225353.655152
0.086500 1225513.157964
0.086400 1223740.374835
0.086300 1221970.747840
0.086200 1223389.502661
0.086100 1226251.725891
0.086000 1225048.924263
0.085900 1224294.717143
0.085800 1225317.062028
0.085700 1222953.102516
0.085600 1224389.518676
0.085500 1221557.544852
0.085400 1224099.326537
0.085300 1225039.514014
0.085200 1219534.946500
0.085100 1224720.080719
0.085000 1222427.689076
0.084900 1224503.431490
0.084800 1224951.565919
0.084700 1223917.149197
0.084600 1225499.674928
0.084500 1224193.474926
0.084400 1223018.866311
0.084300 1222598.473133
0.084200 1227720.447071
0.084100 1220905.640823
0.084000 1223646.883740
0.083900 1224568.641516
0.083800 1222721.687764
0.083700 1225366.028664
0.083600 1226875.624238
0.083500 1224681.149923
0.083400 1222582.521430
0.083300 1223694.238858
0.083200 1226551.003501
0.083100 1226228.436052
0.083000 1223146.606625
0.082900 1226001.287487
0.082800 1223948.615222
0.082700 1223327.772981
0.082600 1221090.303632
0.082500 1224469.017319
0.082400 1224771.480779
0.082300 1223532.024545
0.082200 1223162.840374
0.082100 1223288.126127
0.082000 1223728.217004
0.081900 1222148.038377
0.081800 1221362.675278
0.081700 1221862.905329
0.081600 1225648.068680
0.081500 1223606.107653
0.081400 1225340.300453
0.081300 1221444.160080
0.081200 1223416.860003
0.081100 1226185.806059
0.081000 1222028.622624
0.080900 1224394.870182
0.080800 1225951.419891
0.080700 1225370.020957
0.080600 1222744.584157
0.080500 1221485.532607
0.080400 1223411.390141
0.080300 1221576.350661
0.080200 1224259.953552
0.080100 1225769.158642
0.080000 1223710.340520
0.079900 1227414.270027
0.079800 1225777.408839
0.079700 1222768.945926
0.079600 1226461.168969
0.079500 1228618.556058
0.079400 1222000.477034
0.079300 1226402.490528
0.079200 1225942.772659
0.079100 1225952.493107
0.079000 1224570.870162
0.078900 1226349.708758
0.078800 1224902.526701
0.078700 1226134.361662
0.078600 1225070.605915
0.078500 1224497.690374
0.078400 1223656.261547
0.078300 1225173.723203
0.078200 1223055.377747
0.078100 1220434.807163
0.078000 1224642.518674
0.077900 1222053.292534
0.077800 1225471.980400
0.077700 1224927.490027
0.077600 1225623.429422
0.077500 1227521.549306
0.077400 1224567.418706
0.077300 1226278.265155
0.077200 1223304.833247
0.077100 1221926.764456
0.077000 1223960.881613
0.076900 1227007.654693
0.076800 1224461.361280
0.076700 1222973.805384
0.076600 1219564.200008
0.076500 1224443.829856
0.076400 1224098.413454
0.076300 1226048.185351
0.076200 1223050.153073
0.076100 1223783.213211
0.076000 1224448.303560
0.075900 1222413.919413
0.075800 1225596.116848
0.075700 1223856.585748
0.075600 1225505.076278
0.075500 1228260.161481
0.075400 1224215.854130
0.075300 1225354.477959
0.075200 1228673.697915
0.075100 1225044.981671
0.075000 1221843.099244
0.074900 1226591.500558
0.074800 1226309.618152
0.074700 1222395.820949
0.074600 1224530.818894
0.074500 1227460.411596
0.074400 1224107.978178
0.074300 1222802.053260
0.074200 1223419.777150
0.074100 1225564.618521
0.074000 1224916.613593
0.073900 1227392.810127
0.073800 1225894.038460
0.073700 1222602.565174
0.073600 1222161.702266
0.073500 1220882.032978
0.073400 1223740.530761
0.073300 1224074.072086
0.073200 1221333.846683
0.073100 1225814.973070
0.073000 1224130.002883
0.072900 1221399.375332
0.072800 1223892.020365
0.072700 1224516.515015
0.072600 1225338.324442
0.072500 1223642.900466
0.072400 1226729.545256
0.072300 1226130.219476
0.072200 1226845.858411
0.072100 1221202.983835
0.072000 1223204.502991
0.071900 1225920.304760
0.071800 1226723.825186
0.071700 1222885.354293
0.071600 1224524.649232
0.071500 1222749.542985
0.071400 1227264.082896
0.071300 1227202.349260
0.071200 1222040.266889
0.071100 1226766.543408
0.071000 1221772.399997
0.070900 1223066.226634
0.070800 1225154.356653
0.070700 1225852.934481
0.070600 1221762.021252
0.070500 1227292.768855
0.070400 1219050.802508
0.070300 1219411.933659
0.070200 1225864.931380
0.070100 1220979.907732
0.070000 1224264.373085
0.069900 1223916.028185
0.069800 1230202.893461
0.069700 1223867.549809
0.069600 1220163.014488
0.069500 1225780.768611
0.069400 1222799.896361
0.069300 1223155.365285
0.069200 1226578.160056
0.069100 1227552.154621
0.069000 1224610.943853
0.068900 1219158.911905
0.068800 1225191.201445
0.068700 1223738.418571
0.068600 1221571.807820
0.068500 1226463.631638
0.068400 1225279.880313
0.068300 1225705.523603
0.068200 1224566.192587
0.068100 1223656.643172
0.068000 1223479.642164
0.067900 1224915.400847
0.067800 1224002.545760
0.067700 1224601.617773
0.067600 1224536.925093
0.067500 1220725.340466
0.067400 1224666.860630
0.067300 1222210.127091
0.067200 1226145.091251
0.067100 1221064.680520
0.067000 1224099.244410
0.066900 1225024.459660
0.066800 1224198.476444
0.066700 1224270.924444
0.066600 1218160.648695
0.066500 1224129.493557
0.066400 1225580.642659
0.066300 1226904.998982
0.066200 1225145.749525
0.066100 1222661.904352
0.066000 1223271.761536
0.065900 1224240.968060
0.065800 1224922.550412
0.065700 1222524.937686
0.065600 1221596.683552
0.065500 1225364.340095
0.065400 1223183.118674
0.065300 1223581.062707
0.065200 1222133.286695
0.065100 1223090.834390
0.065000 1220589.614985
0.064900 1224980.720949
0.064800 1221685.047851
0.064700 1222457.994744
0.064600 1224789.046391
0.064500 1223144.830270
0.064400 1228215.102322
0.064300 1226083.759742
0.064200 1224007.707189
0.064100 1225992.920271
0.064000 1222821.600836
0.063900 1221379.833852
0.063800 1229189.298613
0.063700 1221156.851231
0.063600 1225137.163111
0.063500 1222505.547523
0.063400 1225241.271210
0.063300 1224709.082108
0.063200 1222668.524711
0.063100 1226175.178473
0.063000 1223442.698884
0.062900 1227581.467445
0.062800 1228073.012329
0.062700 1225789.618828
0.062600 1226440.339595
0.062500 1223387.366744
0.062400 1224651.373067
0.062300 1223351.275287
0.062200 1224153.977684
0.062100 1223467.482379
0.062000 1223029.172907
0.061900 1223309.515878
0.061800 1224325.489689
0.061700 1222541.209726
0.061600 1224190.845413
0.061500 1225574.322966
0.061400 1226375.218938
0.061300 1225798.857624
0.061200 1226417.458273
0.061100 1221960.807315
0.061000 1227679.647075
0.060900 1225972.446994
0.060800 1223319.024638
0.060700 1223361.806506
0.060600 1220823.528541
0.060500 1222883.186104
0.060400 1224826.805630
0.060300 1221754.864088
0.060200 1230083.636787
0.060100 1223259.548821
0.060000 1226168.834121
0.059900 1224942.823240
0.059800 1222863.681644
0.059700 1227697.754866
0.059600 1218940.791704
0.059500 1227875.872639
0.059400 1225590.152445
0.059300 1224500.615891
0.059200 1224045.035142
0.059100 1222931.866678
0.059000 1223421.154165
0.058900 1223141.301920
0.058800 1228389.869247
0.058700 1219447.495764
0.058600 1227100.708770
0.058500 1222564.727968
0.058400 1225943.283520
0.058300 1220453.407298
0.058200 1222839.779584
0.058100 1221772.477264
0.058000 1220590.684917
0.057900 1222131.678112
0.057800 1223277.575915
0.057700 1228479.204153
0.057600 1225029.038150
0.057500 1223805.705791
0.057400 1227672.856262
0.057300 1224597.474025
0.057200 1224241.804921
0.057100 1221983.380216
0.057000 1224222.216405
0.056900 1224659.208627
0.056800 1223104.254845
0.056700 1223304.612879
0.056600 1222678.454216
0.056500 1221770.492494
0.056400 1226411.026676
0.056300 1227750.908284
0.056200 1227006.175127
0.056100 1224044.077582
0.056000 1226955.751584
0.055900 1225135.578589
0.055800 1224450.223387
0.055700 1228052.680865
0.055600 1222773.851394
0.055500 1224768.506804
0.055400 1225297.619461
0.055300 1225091.502938
0.055200 1226550.104487
0.055100 1220562.815348
0.055000 1223461.290906
0.054900 1227561.658500
0.054800 1225589.943227
0.054700 1225462.751205
0.054600 1224421.651808
0.054500 1224448.866106
0.054400 1225355.909699
0.054300 1223818.498650
0.054200 1220259.810246
0.054100 1226496.351668
0.054000 1223749.275527
0.053900 1225155.382726
0.053800 1225992.139601
0.053700 1222591.521566
0.053600 1224885.451873
0.053500 1220965.751134
0.053400 1224795.893108
0.053300 1226070.149141
0.053200 1225524.296318
0.053100 1223964.420731
0.053000 1218990.788739
0.052900 1221246.379390
0.052800 1221180.092794
0.052700 1224838.449666
0.052600 1227387.766025
0.052500 1225856.450182
0.052400 1225115.309010
0.052300 1222586.721716
0.052200 1226745.860783
0.052100 1224811.469738
0.052000 1224337.970904
0.051900 1226855.347809
0.051800 1223144.728922
0.051700 1225246.811797
0.051600 1221511.238271
0.051500 1225857.960605
0.051400 1220316.901266
0.051300 1222633.923212
0.051200 1223573.850124
0.051100 1227578.741241
0.051000 1224718.076718
0.050900 1222584.668524
0.050800 1223155.276564
0.050700 1225156.683159
0.050600 1223773.778052
0.050500 1223786.871122
0.050400 1226695.665402
0.050300 1223244.104714
0.050200 1220435.915984
0.050100 1228716.964038
0.050000 1225063.268819
0.049900 1223182.032514
0.049800 1222441.617868
0.049700 1226922.327320
0.049600 1221175.778629
0.049500 1222880.036375
0.049400 1225675.715447
0.049300 1224436.324204
0.049200 1222827.285846
0.049100 1223338.693473
0.049000 1220216.941803
0.048900 1224873.962227
0.048800 1224771.447433
0.048700 1221499.039404
0.048600 1223508.836686
0.048500 1227358.715640
0.048400 1223769.178938
0.048300 1226434.732183
0.048200 1221348.815941
0.048100 1225810.947488
0.048000 1222389.932476
0.047900 1224231.107705
0.047800 1222186.928247
0.047700 1221683.988895
0.047600 1229870.750684
0.047500 1224141.787803
0.047400 1222266.125528
0.047300 1224438.848770
0.047200 1224950.434062
0.047100 1225239.339556
0.047000 1220225.925287
0.046900 1226862.136777
0.046800 1228951.069776
0.046700 1221623.686394
0.046600 1225489.746997
0.046500 1226891.042701
0.046400 1220226.313135
0.046300 1226487.599621
0.046200 1222229.463012
0.046100 1223769.272666
0.046000 1226182.439144
0.045900 1221522.589711
0.045800 1224909.665470
0.045700 1225560.486009
0.045600 1221115.617473
0.045500 1222177.916597
0.045400 1224803.910113
0.045300 1223697.564153
0.045200 1223612.821669
0.045100 1226106.750376
0.045000 1223260.853354
0.044900 1221332.985333
0.044800 1223660.754385
0.044700 1224500.538832
0.044600 1224513.611955
0.044500 1223851.837859
0.044400 1227580.429348
0.044300 1227470.705051
0.044200 1223070.314074
0.044100 1222571.815007
0.044000 1227878.297873
0.043900 1222746.351849
0.043800 1222879.700311
0.043700 1223775.477868
0.043600 1222430.501630
0.043500 1223602.993368
0.043400 1222668.989781
0.043300 1222109.176284
0.043200 1224463.958196
0.043100 1229469.529934
0.043000 1221966.482860
0.042900 1219600.522437
0.042800 1225247.650693
0.042700 1225553.728621
0.042600 1224704.168764
0.042500 1230526.494212
0.042400 1218817.040901
0.042300 1224675.215629
0.042200 1222156.199726
0.042100 1225674.572217
0.042000 1226302.521178
0.041900 1224708.218184
0.041800 1223973.222161
0.041700 1225251.578078
0.041600 1225143.994229
0.041500 1224200.152187
0.041400 1229222.463672
0.041300 1225235.382133
0.041200 1226132.612512
0.041100 1227655.478149
0.041000 1217366.044631
0.040900 1229876.186707
0.040800 1223530.402610
0.040700 1221445.363370
0.040600 1222548.428589
0.040500 1222514.292609
0.040400 1221774.475926
0.040300 1221188.183405
0.040200 1222429.604417
0.040100 1226212.858964
0.040000 1221595.841976
0.039900 1225871.671570
0.039800 1222058.595356
0.039700 1223114.763978
0.039600 1223540.041024
0.039500 1221446.955623
0.039400 1224682.969389
0.039300 1221634.029978
0.039200 1223122.871916
0.039100 1225962.714531
0.039000 1226937.027027
0.038900 1223305.294512
0.038800 1225217.248935
0.038700 1224119.331408
0.038600 1227666.428809
0.038500 1220452.179904
0.038400 1223100.969348
0.038300 1222197.039241
0.038200 1226785.325506
0.038100 1221249.990405
0.038000 1225750.902702
0.037900 1221786.444477
0.037800 1224511.259732
0.037700 1226188.066677
0.037600 1217217.197284
0.037500 1224646.467565
0.037400 1224501.731330
0.037300 1228202.783012
0.037200 1221780.053353
0.037100 1226235.714042
0.037000 1218067.747157
0.036900 1224331.445029
0.036800 1220779.115578
0.036700 1222173.449781
0.036600 1224699.999754
0.036500 1223390.095802
0.036400 1227412.121556
0.036300 1221157.789375
0.036200 1230241.069266
0.036100 1223142.942424
0.036000 1227469.178359
0.035900 1221014.516985
0.035800 1223803.228205
0.035700 1226985.312444
0.035600 1220033.332440
0.035500 1221974.854428
0.035400 1226174.863386
0.035300 1226632.058363
0.035200 1230321.250418
0.035100 1224101.996497
0.035000 1223901.821196
0.034900 1223378.664248
0.034800 1225209.378761
0.034700 1225078.276009
0.034600 1223131.678317
0.034500 1227217.915693
0.034400 1220035.128532
0.034300 1222938.932700
0.034200 1223623.569008
0.034100 1227732.800727
0.034000 1224229.080101
0.033900 1224909.208140
0.033800 1224562.590889
0.033700 1223378.814978
0.033600 1225991.249479
0.033500 1225579.368351
0.033400 1218869.550343
0.033300 1223225.992487
0.033200 1228356.610623
0.033100 1222031.264405
0.033000 1222314.627747
0.032900 1225534.167568
0.032800 1225334.853532
0.032700 1223538.087563
0.032600 1222476.470224
0.032500 1229382.319476
0.032400 1224731.180098
0.032300 1225310.761389
0.032200 1226057.657393
0.032100 1228458.296268
0.032000 1223497.456714
0.031900 1229486.629730
0.031800 1229551.021582
0.031700 1219453.777571
0.031600 1220459.744766
0.031500 1221860.516744
0.031400 1228783.597056
0.031300 1223985.065753
0.031200 1225294.313922
0.031100 1222713.910430
0.031000 1224324.403475
0.030900 1224885.381274
0.030800 1226508.040362
0.030700 1220441.921511
0.030600 1229464.353006
0.030500 1224400.694330
0.030400 1224822.678940
0.030300 1224993.176498
0.030200 1223494.915131
0.030100 1225843.195159
0.030000 1223961.092157
0.029900 1221846.364889
0.029800 1215162.248907
0.029700 1221595.230237
0.029600 1225161.495624
0.029500 1225594.431524
0.029400 1222047.260592
0.029300 1224932.017186
0.029200 1222440.918810
0.029100 1218687.246250
0.029000 1224320.543126
0.028900 1226369.457024
0.028800 1221545.456686
0.028700 1221603.160479
0.028600 1223069.260127
0.028500 1225046.036349
0.028400 1230628.535695
0.028300 1228000.574877
0.028200 1223522.557837
0.028100 1225023.313340
0.028000 1223386.242698
0.027900 1223691.611418
0.027800 1220816.237052
0.027700 1220580.946492
0.027600 1219572.573708
0.027500 1224759.864380
0.027400 1229453.962724
0.027300 1222327.570339
0.027200 1218988.656797
0.027100 1225191.030565
0.027000 1220301.433717
0.026900 1227862.617298
0.026800 1222519.051881
0.026700 1227255.820436
0.026600 1221712.483607
0.026500 1227230.318327
0.026400 1225348.427700
0.026300 1221311.778044
0.026200 1225046.639938
0.026100 1224055.582715
0.026000 1226350.110037
0.025900 1221716.552260
0.025800 1224603.053077
0.025700 1226221.354826
0.025600 1221404.668970
0.025500 1217544.178330
0.025400 1221319.982851
0.025300 1222103.207562
0.025200 1221407.005654
0.025100 1223950.428878
0.025000 1225766.596552
0.024900 1221449.038141
0.024800 1225188.017645
0.024700 1228856.728757
0.024600 1225427.783552
0.024500 1226000.245244
0.024400 1223577.103688
0.024300 1220129.191065
0.024200 1228955.264243
0.024100 1222961.066378
0.024000 1221859.157063
0.023900 1224357.959280
0.023800 1227704.106045
0.023700 1224496.073481
0.023600 1225941.720284
0.023500 1228815.044184
0.023400 1231244.313659
0.023300 1220165.729885
0.023200 1225510.779877
0.023100 1227218.988195
0.023000 1218560.589478
0.022900 1224569.509717
0.022800 1226503.783203
0.022700 1223289.992906
0.022600 1220763.719446
0.022500 1224475.848512
0.022400 1221236.371851
0.022300 1221505.172164
0.022200 1227032.190886
0.022100 1222966.784556
0.022000 1226498.849151
0.021900 1228221.318494
0.021800 1221261.245420
0.021700 1224989.892334
0.021600 1220101.166450
0.021500 1216940.795604
0.021400 1224126.504602
0.021300 1221181.613493
0.021200 1223606.313507
0.021100 1231077.190023
0.021000 1224145.011559
0.020900 1219437.683348
0.020800 1224871.098973
0.020700 1228121.835379
0.020600 1224498.165619
0.020500 1232919.856701
0.020400 1224460.955709
0.020300 1224132.676779
0.020200 1221591.053634
0.020100 1229084.696979
0.020000 1222594.050097
0.019900 1223464.092534
0.019800 1220013.963509
0.019700 1221672.221911
0.019600 1226517.745343
0.019500 1217321.838120
0.019400 1221635.923266
0.019300 1223937.929003
0.019200 1223923.777434
0.019100 1221051.691337
0.019000 1225624.951140
0.018900 1230937.401124
0.018800 1221828.498444
0.018700 1224934.244396
0.018600 1220792.138543
0.018500 1231264.674798
0.018400 1222252.103068
0.018300 1226465.967112
0.018200 1226704.753564
0.018100 1225415.785893
0.018000 1225523.384663
0.017900 1216922.714588
0.017800 1223536.879823
0.017700 1223856.465083
0.017600 1224525.292115
0.017500 1219004.009203
0.017400 1225824.339227
0.017300 1225652.102934
0.017200 1225894.099246
0.017100 1225945.886206
0.017000 1223832.882231
0.016900 1219399.263534
0.016800 1219426.615540
0.016700 1226638.526209
0.016600 1217498.805218
0.016500 1228708.444214
0.016400 1229898.786617
0.016300 1234610.623767
0.016200 1220161.935480
0.016100 1222517.445674
0.016000 1221269.973919
0.015900 1221550.040010
0.015800 1217947.856493
0.015700 1223734.420040
0.015600 1221363.821220
0.015500 1229195.976125
0.015400 1223300.806760
0.015300 1230052.527168
0.015200 1218002.065656
0.015100 1220851.883759
0.015000 1228020.010483
0.014900 1231900.585833
0.014800 1224588.386131
0.014700 1220763.159012
0.014600 1209932.129484
0.014500 1230503.094246
0.014400 1222880.923804
0.014300 1226852.201793
0.014200 1223011.670727
0.014100 1217249.458816
0.014000 1231396.944618
0.013900 1217820.329670
0.013800 1225046.195423
0.013700 1224790.114633
0.013600 1221810.125656
0.013500 1226804.796726
0.013400 1220038.650368
0.013300 1224575.128933
0.013200 1222172.838605
0.013100 1224588.760148
0.013000 1221783.334374
0.012900 1232716.118560
0.012800 1230002.779876
0.012700 1220997.583527
0.012600 1225032.143975
0.012500 1221150.390339
0.012400 1231391.158870
0.012300 1222675.832751
0.012200 1216502.996033
0.012100 1226086.134513
0.012000 1223439.322732
0.011900 1221766.359067
0.011800 1219668.591004
0.011700 1227729.674233
0.011600 1222835.413914
0.011500 1224496.164907
0.011400 1216352.853170
0.011300 1228649.621806
0.011200 1224314.779136
0.011100 1226731.454431
0.011000 1216280.644496
0.010900 1220946.932289
0.010800 1217765.538213
0.010700 1218224.290798
0.010600 1225724.534062
0.010500 1225782.498479
0.010400 1219984.114611
0.010300 1215243.794075
0.010200 1225435.707584
0.010100 1229465.273788
0.010000 1226187.701690
0.009900 1231000.183544
0.009800 1234586.247820
0.009700 1216524.956225
0.009600 1234437.806195
0.009500 1221193.022953
0.009400 1225367.066723
0.009300 1224009.184823
0.009200 1219883.606743
0.009100 1228145.707657
0.009000 1227355.335959
0.008900 1218999.629601
0.008800 1223883.104179
0.008700 1205622.265285
0.008600 1229068.679625
0.008500 1215713.517094
0.008400 1214487.787146
0.008300 1225338.890957
0.008200 1222284.101204
0.008100 1228394.511656
0.008000 1227606.249211
0.007900 1228918.931008
0.007800 1224934.806259
0.007700 1221362.411665
0.007600 1224785.701706
0.007500 1233359.097958
0.007400 1229233.087230
0.007300 1216215.488846
0.007200 1223787.076322
0.007100 1224017.438138
0.007000 1223966.712128
0.006900 1229302.649906
0.006800 1234699.205445
0.006700 1233378.796769
0.006600 1220599.053269
0.006500 1228161.053417
0.006400 1220072.062998
0.006300 1227178.263369
0.006200 1223567.855595
0.006100 1224225.380601
0.006000 1235726.577963
0.005900 1216759.316709
0.005800 1215733.833848
0.005700 1231356.095450
0.005600 1211210.964116
0.005500 1217681.281967
0.005400 1228982.921601
0.005300 1214257.863748
0.005200 1219118.637062
0.005100 1221421.471992
0.005000 1200427.125751
0.004900 1215002.318237
0.004800 1232886.297938
0.004700 1215698.992636
0.004600 1223327.562703
0.004500 1236548.830388
0.004400 1238623.870408
0.004300 1234239.092242
0.004200 1235090.741048
0.004100 1222033.225135
0.004000 1231709.006541
0.003900 1220419.772130
0.003800 1214140.397191
0.003700 1224751.144474
0.003600 1228880.669986
0.003500 1216519.359357
0.003400 1207869.429929
0.003300 1228469.481709
0.003200 1224489.415702
0.003100 1229739.453988
0.003000 1204606.721056
0.002900 1217876.902261
0.002800 1228807.091273
0.002700 1238954.293759
0.002600 1223701.954783
0.002500 1243351.082576
0.002400 1219287.441260
0.002300 1237935.945478
0.002200 1212988.305286
0.002100 1228052.159550
0.002000 1219190.490585
0.001900 1228612.567376
0.001800 1233777.826901
0.001700 1215858.672269
0.001600 1221208.895587
0.001500 1248308.850336
0.001400 1216610.769634
0.001300 1225160.456604
0.001200 1240608.568677
0.001100 1240380.855971
0.001000 1241085.839250
0.000900 1205248.270300
0.000800 1234825.079221
0.000700 1237905.033430
0.000600 1228077.779720
0.000500 1264079.911937
0.000400 1234850.491400
0.000300 1210331.065455
0.000200 1216027.221053
0.000100 1206398.028571
