322168.000000
294052.000000
342902.000000
159488.000000
376053.000000
55199.000000
337546.000000
516059.000000
211192.000000
406403.000000
286595.000000
159504.000000
319852.000000
116276.000000
212903.000000
333018.000000
354472.000000
307642.000000
312124.000000
86909.000000
234808.000000
267763.000000
249269.000000
164551.000000
176653.000000
229532.000000
65534.000000
239584.000000
258266.000000
202502.000000
1065.000000
249259.000000
377361.000000
345725.000000
137379.000000
110536.000000
295935.000000
287479.000000
152004.000000
454341.000000
160569.000000
243081.000000
389386.000000
356026.000000
115616.000000
311286.000000
350223.000000
104.000000
150919.000000
190941.000000
465980.000000
144228.000000
330758.000000
214926.000000
53585.000000
268118.000000
90768.000000
329139.000000
163705.000000
104999.000000
359589.000000
184771.000000
1.000000
202114.000000
409533.000000
143752.000000
332033.000000
164038.000000
330976.000000
288259.000000
412010.000000
356459.000000
308040.000000
334993.000000
290424.000000
312374.000000
241740.000000
479875.000000
222631.000000
96217.000000
138839.000000
342013.000000
274016.000000
367151.000000
307789.000000
158473.000000
83278.000000
478793.000000
257660.000000
382270.000000
192773.000000
197952.000000
191142.000000
10332.000000
209478.000000
375686.000000
247154.000000
443095.000000
357099.000000
149134.000000
332260.000000
305292.000000
306273.000000
314772.000000
128932.000000
378848.000000
160884.000000
221733.000000
2.000000
447409.000000
197140.000000
309853.000000
197415.000000
176272.000000
293895.000000
254557.000000
227976.000000
410932.000000
9660.000000
229522.000000
114770.000000
143365.000000
258188.000000
512516.000000
108773.000000
321840.000000
269348.000000
335123.000000
207204.000000
167458.000000
265899.000000
428371.000000
467359.000000
240793.000000
203407.000000
527197.000000
244812.000000
375011.000000
238456.000000
318785.000000
229126.000000
119896.000000
225934.000000
229519.000000
224055.000000
63095.000000
185847.000000
436727.000000
383285.000000
343527.000000
100653.000000
156669.000000
357452.000000
116386.000000
39039.000000
277682.000000
299600.000000
111013.000000
288974.000000
257658.000000
260652.000000
386209.000000
211508.000000
155867.000000
235929.000000
126666.000000
209906.000000
258400.000000
191524.000000
332468.000000
236479.000000
324125.000000
256050.000000
265563.000000
272324.000000
241270.000000
139707.000000
160751.000000
69.000000
414881.000000
295401.000000
227836.000000
113126.000000
142957.000000
110378.000000
373144.000000
30199.000000
23106.000000
329990.000000
285878.000000
221998.000000
279809.000000
242784.000000
897.000000
214969.000000
231481.000000
177851.000000
301296.000000
212617.000000
28921.000000
79370.000000
289677.000000
371924.000000
318024.000000
238885.000000
463649.000000
110593.000000
116646.000000
259829.000000
130066.000000
444139.000000
448383.000000
391739.000000
240589.000000
332973.000000
360662.000000
353529.000000
218506.000000
320151.000000
160984.000000
371448.000000
345088.000000
299942.000000
187315.000000
266241.000000
351749.000000
148522.000000
93146.000000
185169.000000
252277.000000
100231.000000
215949.000000
279433.000000
394046.000000
287512.000000
150184.000000
315521.000000
211652.000000
242410.000000
296952.000000
178049.000000
291781.000000
236592.000000
335633.000000
133217.000000
257057.000000
443071.000000
134554.000000
335909.000000
199421.000000
121484.000000
110702.000000
204646.000000
313202.000000
194943.000000
351205.000000
186777.000000
1.000000
331150.000000
459651.000000
148825.000000
247758.000000
293987.000000
324359.000000
41106.000000
422447.000000
257405.000000
128537.000000
323060.000000
246426.000000
6658.000000
227514.000000
514045.000000
186711.000000
285915.000000
205890.000000
303314.000000
183973.000000
401542.000000
469888.000000
418610.000000
76477.000000
208137.000000
49.000000
315548.000000
302553.000000
367692.000000
169623.000000
204006.000000
327259.000000
195560.000000
235839.000000
191073.000000
215014.000000
273401.000000
423516.000000
328060.000000
2.000000
163283.000000
244818.000000
300409.000000
259084.000000
44173.000000
361407.000000
219748.000000
281372.000000
253178.000000
256160.000000
220601.000000
152190.000000
384136.000000
317655.000000
141237.000000
241567.000000
95520.000000
238274.000000
240850.000000
170447.000000
155023.000000
309253.000000
260959.000000
6026.000000
178415.000000
192697.000000
204243.000000
295131.000000
273124.000000
224127.000000
259853.000000
172.000000
265886.000000
397381.000000
78.000000
149652.000000
213338.000000
276389.000000
390145.000000
174630.000000
270615.000000
151832.000000
215700.000000
861.000000
287652.000000
415379.000000
124389.000000
177341.000000
300815.000000
215883.000000
456906.000000
271473.000000
153586.000000
226208.000000
401566.000000
326419.000000
157097.000000
303067.000000
250485.000000
335167.000000
365060.000000
230458.000000
4901.000000
295798.000000
336042.000000
416664.000000
212023.000000
142043.000000
340124.000000
206669.000000
386418.000000
343178.000000
442079.000000
296779.000000
462159.000000
341580.000000
117810.000000
221291.000000
18783.000000
253291.000000
180240.000000
179657.000000
212862.000000
234670.000000
446654.000000
173452.000000
132174.000000
125716.000000
208049.000000
264426.000000
426011.000000
489800.000000
22628.000000
291101.000000
207216.000000
230898.000000
377395.000000
33186.000000
359768.000000
207687.000000
306465.000000
397467.000000
419047.000000
247073.000000
331229.000000
275922.000000
231211.000000
273473.000000
186388.000000
285359.000000
169412.000000
235639.000000
315597.000000
352515.000000
248605.000000
329120.000000
207690.000000
117701.000000
282997.000000
137496.000000
261071.000000
343842.000000
247747.000000
258937.000000
8.000000
291450.000000
331332.000000
188726.000000
199406.000000
98040.000000
89093.000000
490052.000000
44656.000000
262019.000000
520755.000000
253668.000000
136632.000000
219110.000000
204747.000000
186174.000000
105766.000000
78453.000000
313726.000000
41244.000000
316942.000000
258122.000000
308380.000000
197916.000000
288525.000000
150963.000000
158196.000000
153897.000000
163202.000000
311340.000000
337409.000000
149488.000000
382216.000000
205449.000000
302696.000000
704.000000
157901.000000
78704.000000
322799.000000
279643.000000
323559.000000
244397.000000
246689.000000
101135.000000
279442.000000
231205.000000
358485.000000
384887.000000
505970.000000
169463.000000
221464.000000
220131.000000
190784.000000
240510.000000
292337.000000
189419.000000
3961.000000
365978.000000
328220.000000
194155.000000
201949.000000
479141.000000
263537.000000
301551.000000
325584.000000
323714.000000
462741.000000
298511.000000
210121.000000
209708.000000
258079.000000
207031.000000
322120.000000
27373.000000
255617.000000
472767.000000
393238.000000
48458.000000
400261.000000
279334.000000
226933.000000
466872.000000
117526.000000
273793.000000
160142.000000
330023.000000
255710.000000
361888.000000
361064.000000
176485.000000
269505.000000
460985.000000
238680.000000
190856.000000
362102.000000
180518.000000
328953.000000
278080.000000
196014.000000
334279.000000
293099.000000
526275.000000
238553.000000
363351.000000
334828.000000
318716.000000
175408.000000
214556.000000
232316.000000
359184.000000
227182.000000
390238.000000
321101.000000
559413.000000
235222.000000
233533.000000
235268.000000
45.000000
270115.000000
275029.000000
1.000000
169795.000000
136473.000000
370864.000000
469526.000000
181798.000000
105688.000000
162438.000000
151868.000000
201537.000000
261272.000000
227034.000000
264514.000000
173.000000
278624.000000
155944.000000
210570.000000
279148.000000
328277.000000
372272.000000
206728.000000
311379.000000
53546.000000
179478.000000
334131.000000
195117.000000
255763.000000
416051.000000
181446.000000
35.000000
276830.000000
304378.000000
212984.000000
141867.000000
204688.000000
295181.000000
328876.000000
207836.000000
2383.000000
272074.000000
297486.000000
370774.000000
354369.000000
263069.000000
229974.000000
62683.000000
376014.000000
170229.000000
373814.000000
166882.000000
490803.000000
486575.000000
2.000000
463495.000000
426644.000000
162121.000000
333329.000000
286191.000000
313688.000000
388436.000000
266604.000000
61236.000000
490207.000000
291095.000000
235177.000000
272159.000000
145099.000000
248910.000000
200394.000000
450908.000000
320511.000000
405799.000000
214915.000000
174037.000000
268447.000000
382527.000000
15.000000
185839.000000
320158.000000
165552.000000
311647.000000
211364.000000
3196.000000
290111.000000
323247.000000
101939.000000
7.000000
293393.000000
299599.000000
175623.000000
266608.000000
274687.000000
258968.000000
306847.000000
276158.000000
283666.000000
197617.000000
660.000000
148910.000000
85239.000000
148069.000000
397982.000000
378983.000000
220026.000000
286536.000000
324494.000000
241028.000000
429987.000000
252437.000000
323446.000000
301114.000000
204263.000000
199963.000000
492964.000000
104979.000000
147004.000000
280411.000000
278335.000000
227094.000000
172156.000000
312203.000000
220177.000000
158096.000000
616737.000000
241474.000000
93329.000000
370216.000000
269828.000000
343183.000000
546326.000000
309257.000000
2.000000
132585.000000
236017.000000
199122.000000
403972.000000
256473.000000
328417.000000
362222.000000
388986.000000
250941.000000
260496.000000
386051.000000
337862.000000
407956.000000
309987.000000
246089.000000
344979.000000
261831.000000
384058.000000
263037.000000
266351.000000
163952.000000
216635.000000
193558.000000
311320.000000
140725.000000
282686.000000
434465.000000
1.000000
128739.000000
259671.000000
1.000000
175710.000000
188611.000000
256164.000000
241133.000000
226496.000000
261967.000000
218422.000000
47121.000000
282706.000000
264915.000000
391422.000000
340767.000000
169266.000000
336393.000000
117020.000000
260168.000000
325758.000000
198283.000000
232295.000000
358593.000000
290725.000000
172.000000
327342.000000
250217.000000
263521.000000
369257.000000
2.000000
426914.000000
326622.000000
242312.000000
457978.000000
354220.000000
245345.000000
425255.000000
246131.000000
338106.000000
338668.000000
395555.000000
320712.000000
172783.000000
388266.000000
374904.000000
249868.000000
286251.000000
231846.000000
291551.000000
311715.000000
794.000000
162514.000000
104998.000000
184348.000000
497585.000000
319389.000000
254384.000000
204029.000000
177813.000000
256089.000000
161787.000000
286248.000000
44.000000
331558.000000
445807.000000
126586.000000
259666.000000
241687.000000
182068.000000
327276.000000
415156.000000
137713.000000
212004.000000
423557.000000
278602.000000
343756.000000
280350.000000
223520.000000
269437.000000
326271.000000
257710.000000
432955.000000
246705.000000
494476.000000
445521.000000
351602.000000
166515.000000
157915.000000
403717.000000
292141.000000
134485.000000
225081.000000
29797.000000
314789.000000
204100.000000
268904.000000
341519.000000
251999.000000
278398.000000
318939.000000
6353.000000
236328.000000
131972.000000
393044.000000
152045.000000
65271.000000
198352.000000
322983.000000
265671.000000
264166.000000
301832.000000
127409.000000
379238.000000
178067.000000
355393.000000
170597.000000
354453.000000
308556.000000
308592.000000
193763.000000
220880.000000
451419.000000
323501.000000
102464.000000
321251.000000
4857.000000
283265.000000
313298.000000
215900.000000
170447.000000
408561.000000
305236.000000
187685.000000
165743.000000
287422.000000
167508.000000
241864.000000
253474.000000
167114.000000
168656.000000
90741.000000
277989.000000
432859.000000
2390.000000
83305.000000
309904.000000
44005.000000
253147.000000
241301.000000
229111.000000
248312.000000
278308.000000
399054.000000
1584.000000
281180.000000
257222.000000
84597.000000
221920.000000
339302.000000
381149.000000
232308.000000
191289.000000
327659.000000
314606.000000
169447.000000
400792.000000
298769.000000
248656.000000
299182.000000
249615.000000
286037.000000
210716.000000
199741.000000
388176.000000
263659.000000
116999.000000
212301.000000
366827.000000
251467.000000
238294.000000
526326.000000
286202.000000
222348.000000
219213.000000
143190.000000
36843.000000
309972.000000
203951.000000
128699.000000
237519.000000
277277.000000
232714.000000
253420.000000
221911.000000
238163.000000
204819.000000
271553.000000
320332.000000
281324.000000
199665.000000
145430.000000
40093.000000
340716.000000
171895.000000
205583.000000
156916.000000
209959.000000
276193.000000
267615.000000
311299.000000
32.000000
365811.000000
373826.000000
33150.000000
399621.000000
265277.000000
309024.000000
322820.000000
380399.000000
132510.000000
385126.000000
205009.000000
290078.000000
246636.000000
328260.000000
355716.000000
359269.000000
141596.000000
241277.000000
285752.000000
124114.000000
273357.000000
269817.000000
368930.000000
184046.000000
343085.000000
282030.000000
198987.000000
377045.000000
349820.000000
376678.000000
285825.000000
269270.000000
544750.000000
84046.000000
427310.000000
491467.000000
371712.000000
357906.000000
199701.000000
250325.000000
408486.000000
400702.000000
373798.000000
264032.000000
4.000000
208154.000000
445849.000000
129845.000000
1.000000
171152.000000
190717.000000
455099.000000
505846.000000
4094.000000
238945.000000
203651.000000
218674.000000
203281.000000
205998.000000
144768.000000
207910.000000
418960.000000
251884.000000
160847.000000
356403.000000
253945.000000
347735.000000
426990.000000
331948.000000
453242.000000
378968.000000
224196.000000
94789.000000
428718.000000
161298.000000
357281.000000
173276.000000
152460.000000
311769.000000
212745.000000
499670.000000
394710.000000
104313.000000
450721.000000
401130.000000
291642.000000
218286.000000
233166.000000
182740.000000
60.000000
203654.000000
300159.000000
332310.000000
297602.000000
417291.000000
271482.000000
303501.000000
640762.000000
194985.000000
305520.000000
292065.000000
318146.000000
214897.000000
441567.000000
183946.000000
339462.000000
282387.000000
474626.000000
269240.000000
285134.000000
285745.000000
257095.000000
224781.000000
257093.000000
154723.000000
187697.000000
288033.000000
317188.000000
371925.000000
216.000000
347940.000000
278517.000000
127623.000000
228492.000000
213643.000000
349642.000000
348119.000000
538451.000000
143804.000000
397147.000000
27201.000000
512811.000000
200811.000000
110844.000000
191244.000000
243270.000000
28986.000000
457728.000000
4397.000000
357820.000000
377782.000000
273210.000000
156821.000000
4.000000
213630.000000
367424.000000
416773.000000
134965.000000
337359.000000
311242.000000
206924.000000
118281.000000
141699.000000
190618.000000
380041.000000
332132.000000
400810.000000
224616.000000
224923.000000
323954.000000
153126.000000
214358.000000
298153.000000
315282.000000
231363.000000
54519.000000
298985.000000
485901.000000
207.000000
204632.000000
131796.000000
306947.000000
208917.000000
319395.000000
256888.000000
199709.000000
314512.000000
256728.000000
329456.000000
457150.000000
235554.000000
296054.000000
141085.000000
261720.000000
234459.000000
285514.000000
240591.000000
365246.000000
237376.000000
322970.000000
539951.000000
331330.000000
199748.000000
313997.000000
388191.000000
417122.000000
319109.000000
256513.000000
362957.000000
174917.000000
131234.000000
333217.000000
380204.000000
251012.000000
213024.000000
207842.000000
186781.000000
276760.000000
193329.000000
293642.000000
381798.000000
237629.000000
81038.000000
285307.000000
391400.000000
103271.000000
7073.000000
483722.000000
207549.000000
246414.000000
266110.000000
279222.000000
263957.000000
436068.000000
267658.000000
373479.000000
540029.000000
1.000000
273196.000000
114402.000000
173855.000000
179625.000000
216456.000000
162008.000000
393220.000000
399846.000000
29737.000000
176589.000000
206446.000000
195673.000000
484766.000000
224798.000000
197349.000000
155610.000000
397651.000000
368328.000000
238670.000000
393526.000000
13.000000
275726.000000
295863.000000
415.000000
502699.000000
143853.000000
317181.000000
171537.000000
177568.000000
245601.000000
166936.000000
36716.000000
292835.000000
3.000000
301285.000000
371407.000000
184253.000000
255618.000000
402606.000000
140683.000000
100207.000000
328835.000000
304415.000000
372325.000000
428296.000000
374866.000000
194856.000000
253704.000000
56956.000000
273139.000000
270601.000000
318733.000000
225562.000000
174671.000000
197098.000000
387014.000000
155238.000000
258201.000000
339268.000000
258113.000000
401115.000000
118186.000000
110395.000000
170766.000000
368562.000000
207050.000000
336663.000000
12289.000000
134100.000000
19.000000
278.000000
326259.000000
214757.000000
213023.000000
323159.000000
276274.000000
279557.000000
615393.000000
244853.000000
296606.000000
471176.000000
271076.000000
372066.000000
265050.000000
360523.000000
246629.000000
43353.000000
351314.000000
302713.000000
421150.000000
255169.000000
30377.000000
212418.000000
196112.000000
341652.000000
314108.000000
132467.000000
521873.000000
104664.000000
377712.000000
81910.000000
272223.000000
194527.000000
242516.000000
1683.000000
346529.000000
437137.000000
2713.000000
292849.000000
336672.000000
8018.000000
259324.000000
315426.000000
159118.000000
72.000000
18913.000000
327813.000000
305335.000000
200187.000000
270023.000000
370466.000000
374796.000000
458517.000000
68845.000000
516030.000000
274705.000000
201720.000000
155111.000000
48504.000000
291136.000000
325015.000000
310397.000000
340839.000000
429007.000000
427818.000000
291666.000000
276732.000000
491808.000000
380644.000000
255083.000000
235337.000000
260005.000000
203944.000000
306502.000000
273203.000000
144635.000000
41.000000
342908.000000
168408.000000
259523.000000
338861.000000
235958.000000
252661.000000
220212.000000
148770.000000
244078.000000
259862.000000
225882.000000
299206.000000
367580.000000
11311.000000
284297.000000
2636.000000
307285.000000
167671.000000
146831.000000
58.000000
279280.000000
316977.000000
379849.000000
192946.000000
60342.000000
284055.000000
130486.000000
244685.000000
